[GPUManager]() registered
regV registering [npe] as [0x174e180]
regV registering [npe_short] as [0x174e2b0]
regV registering [Po218:peak] as [6002]
regV registering [Rn222:peak] as [5490]
regV registering [Po210:peak] as [5305]
Loaded path: </p/project/cjikp20/jikp2013/bx-GooStats-dingxf_dev/bx-GooStats/data>
RawSpectrumProvider::registerSpecies Register [nu(pep)]
RawSpectrumProvider::registerSpecies Register [nu(Be7)_sunT]
RawSpectrumProvider::registerSpecies Register [nu(Be7)_nosunT]
RawSpectrumProvider::registerSpecies Register [nu(CNO)]
RawSpectrumProvider::registerSpecies Register [nu(pp)_oleg]
RawSpectrumProvider::registerSpecies Register [nu(pp)_aldo]
RawSpectrumProvider::registerSpecies Register [nu(pp)]
RawSpectrumProvider::registerSpecies Register [nu(B8)]
RawSpectrumProvider::registerSpecies Register [C14_universal]
Warning: c14_shape_factor is taken as 1.24
RawSpectrumProvider::registerSpecies Register [C14]
RawSpectrumProvider::registerSpecies Register [C11]
RawSpectrumProvider::registerSpecies Register [C10]
RawSpectrumProvider::registerSpecies Register [Kr85]
RawSpectrumProvider::registerSpecies Register [B12]
RawSpectrumProvider::registerSpecies Register [He6]
RawSpectrumProvider::registerSpecies Register [Pa234m]
RawSpectrumProvider::registerSpecies Register [K40]
RawSpectrumProvider::registerSpecies Register [La138]
RawSpectrumProvider::registerSpecies Register [Bi210_mach4]
RawSpectrumProvider::registerSpecies Register [Bi210_oleg]
RawSpectrumProvider::registerSpecies Register [Bi210_aldo]
RawSpectrumProvider::registerSpecies Register [Bi210_daniel]
RawSpectrumProvider::registerSpecies Register [Bi210_flothmann]
RawSpectrumProvider::registerSpecies Register [Bi210_grau]
RawSpectrumProvider::registerSpecies Register [Pb214_KM]
RawSpectrumProvider::registerSpecies Register [Pb214_aldo_1]
RawSpectrumProvider::registerSpecies Register [Pb214_aldo_2]
RawSpectrumProvider::registerSpecies Register [Pb214_aldo_3]
RawSpectrumProvider::registerSpecies Register [Pb214_aldo_4]
RawSpectrumProvider::registerSpecies Register [Pb214_aldo_5]
RawSpectrumProvider::registerSpecies Register [Pb214_aldo_6]
RawSpectrumProvider::registerSpecies Register [Pb214_aldo_7]
RawSpectrumProvider::registerSpecies Register [Ext_Tl208]
RawSpectrumProvider::registerSpecies Register [Ext_Bi214]
RawSpectrumProvider::registerSpecies Register [Ext_K40]
RawSpectrumProvider::registerSpecies Register [U238_chain]
RawSpectrumProvider::registerSpecies Register [Th232_chain]
RawSpectrumProvider::registerSpecies Register [C14_pileup]
[InputManager]() registered
[PrepareData]() registered
[SimpleFit]() registered
[CNOTest]() registered
[HMLMTest]() registered
[ScanPar]() registered
[CorrelationManager]() registered
[ContourManager]() registered
[OutputManager]() registered
Checking GPU [0]/[1]
Running on [Tesla K80] with compute capability of 3.7
Warning: BatchOutputManager not set, default are used.
LOG: Getting data from file input_files/PeriodPhase2_FVpep_TFCMI_c19.root
Searching final_nhits_pp in pp
LOG: fitting histogram final_nhits_pp
WARNING: chain_counts_cum not TH1D, trying other TH1
WARNING: No chain_counts_cum in input directory, trying in the main directory of the file
chain_counts_cum: mean 23.3425
[default] adopt [global] as its parent.
Inserting period [default,input_files/PeriodPhase2_FVpep_TFCMI_c19.root,pp/final_nhits_pp,fitoptions/fitoptions_ene-Phase2-pdfs_new-nhits-emin140_C11-Po210-shift.cfg,species_list/species-fit-eneCNO-hm.icc]
ARG[1] <icc> = [species_list/species-fit-eneCNO-hm.icc]
InputManager::registerConfigset(default)
Loading from <fitoptions/fitoptions_ene-Phase2-pdfs_new-nhits-emin140_C11-Po210-shift.cfg>
h_n_used_pmts: mean 1564.15
h_n_used_pmts_weighted: mean 1675.51
option <n_used_charge_histo_name> not set, default value [h_n_used_charge] used
h_n_used_charge: mean 1561.08
option <n_used_charge_po210_histo_name> not set, default value [h_n_used_charge_weighted] used
h_n_used_charge_weighted: mean 1671.67
feq_inv: mean 1.28509
Mask [mask_2] from [h_n_used_pmts] Mean <999.503> RMS <576.981>
Mask [mask_3] from [h_n_used_pmts_weighted] Mean <999.502> RMS <577.005>
*********Dump options parsed*********************************
MC_ext_bkg => <true>
alpha_response_function => <scaled_poisson>
alpha_subtracted => <false>
apply_radiochemical_constraints => <false>
applying_mask => <true>
beta_response_function => <scaled_poisson>
bi210_spectrum => <aldo>
c11_quenching_fixed => <false>
c11_subtracted => <false>
complementary_histo_fit => <false>
complementary_histo_name => <pp/final_nhits_pp_1>
convolve_dark_noise => <false>
dark_noise_window => <win1>
fit_results_output => <fit_results.root>
fit_variable => <nhits>
fit_variable_MC => <nhits>
freeMCshiftC11 => <true>
freeMCshiftPo210 => <true>
geometric_correction_on => <false>
icc => <species_list/species-fit-eneCNO-hm.icc>
ly_fixed => <false>
meantime_cut => <no>
minimization_method => <likelihood>
minimization_routine => <minuit>
montecarlo_interpolation => <off>
montecarlo_spectra_file => <pdfs_new/MCspectra_FVpep_Period_Phase2_unmasked.root>
multivariate_ps_fit => <false>
multivariate_rdist_fit => <false>
n_used_pmts_histo_name => <h_n_used_pmts>
n_used_pmts_po210_histo_name => <h_n_used_pmts_weighted>
n_used_pmts_po210_tfc0_histo_name => <h_n_used_pmts_weighted0>
n_used_pmts_po210_tfc1_histo_name => <h_n_used_pmts_weighted1>
n_used_pmts_tfc0_histo_name => <h_n_used_pmts0>
n_used_pmts_tfc1_histo_name => <h_n_used_pmts1>
neutrino_magnetic_moment => <no>
no_lead_cut => <no>
norm_variable => <true>
npe_offset_fixed => <true>
pb214_spectrum => <aldo>
pileup_eff_ly_fixed => <true>
plot_filename => <plot.root>
po210_quenching_fixed => <false>
quenching_parameterization => <echidna>
save_fit_results => <false>
scale_poisson => <true>
show_only_c14_c14 => <false>
spectra_pdfs => <montecarlo>
synthpup_file => <P91011_Synthetic_Spectra.root>
synthpup_hist => <h_synth_spec_5_dt1>
use_alpha_response_function => <false>
use_remaining_pb214 => <false>
weighted_response => <false>
alpha_resolution_0_guess => float: [1.2]
alpha_resolution_0_max => float: [20]
alpha_resolution_0_min => float: [0]
alpha_resolution_1_guess => float: [0]
alpha_resolution_1_max => float: [0]
alpha_resolution_1_min => float: [0]
alpha_resolution_2_guess => float: [0]
alpha_resolution_2_max => float: [0]
alpha_resolution_2_min => float: [0]
beta_resolution_0_guess => float: [3]
beta_resolution_0_max => float: [20]
beta_resolution_0_min => float: [0]
beta_resolution_1_guess => float: [3]
beta_resolution_1_max => float: [20]
beta_resolution_1_min => float: [0]
beta_resolution_2_guess => float: [7]
beta_resolution_2_max => float: [7]
beta_resolution_2_min => float: [7]
beta_resolution_3_guess => float: [2]
beta_resolution_3_max => float: [10]
beta_resolution_3_min => float: [0]
beta_resolution_4_guess => float: [0]
beta_resolution_4_max => float: [0]
beta_resolution_4_min => float: [0]
beta_resolution_5_guess => float: [0]
beta_resolution_5_max => float: [0]
beta_resolution_5_min => float: [0]
c11_quenching => float: [0.8828]
c14_shape_factor => float: [1.24]
c14_threshold => float: [100]
dark_noise_threshold => float: [100]
ext_bckgd_eff_ly => float: [1.0228]
fCher => float: [2]
fit_verbosity => float: [0]
geometric_correction => float: [0.112]
histogram_binwidth => float: [1]
kb => float: [0.0109]
ly_guess => float: [0.49]
maximum_energy => float: [950]
meantime_cut_correction_c1 => float: [0.974]
meantime_cut_correction_c2 => float: [-0.00211]
minimum_energy => float: [140]
multivariate_ps_fit_bins => float: [1]
multivariate_ps_fit_max => float: [650]
multivariate_ps_fit_min => float: [400]
multivariate_ps_fit_smooth => float: [0]
multivariate_rdist_fit_bins => float: [16]
multivariate_rdist_fit_max => float: [900]
multivariate_rdist_fit_min => float: [500]
multivariate_rdist_fit_smooth => float: [0]
npe_offset => float: [0]
number_of_bins_for_weighted_response => float: [10]
pileup_eff_ly => float: [0.935]
po210_quenching => float: [0.07879]
poisson_factor => float: [15]
poisson_threshold => float: [100]
ser_under_threshold => float: [0.12]
sys_errors_scale => float: [0]
unequalization_factor => float: [1]
*************************************************************
Inserting Constant name [compute_likelihood_p_value] value [0]
regV registering [compute_likelihood_p_value] as [0]
Inserting [C11_qch] to [global]
Inserting [Po210_qch] to [default]
Inserting [extly_qch] to [global]
Linking [Ext_Tl208_qch] with [extly_qch] in [global]
Linking [Ext_Bi214_qch] with [extly_qch] in [global]
Linking [Ext_K40_qch] with [extly_qch] in [global]
Inserting [Po218_qch] to [global]
Inserting [Rn222_qch] to [global]
Inserting [C10_qch] to [global]
Bad programming style of using const_cast!!!
regV registering [NL] as [0x7fff767b0f50]
Inserting [beta_ly] to [default]
810
Inserting [beta_resolution_0] to [global]
Inserting [beta_resolution_1] to [global]
Inserting [beta_resolution_2] to [global]
Inserting [beta_resolution_3] to [global]
Inserting [beta_resolution_4] to [global]
Inserting [beta_resolution_5] to [global]
Inserting [alpha_resolution_0] to [default]
Inserting [alpha_resolution_1] to [default]
Inserting [alpha_resolution_2] to [default]
Inserting [alpha_resolution_3] to [default]
Inserting [alpha_resolution_4] to [default]
Inserting [alpha_resolution_5] to [default]
Inserting [mlp_correction_0] to [default]
Inserting [mlp_correction_1] to [default]
Inserting [mlp_correction_2] to [default]
Inserting [mlp_correction_3] to [default]
Integral: 11.6405, sum = 1.17605e+06, endpoint = 671.809
Integral: 76.3209, sum = 1.81556e+07, endpoint = 264.064
RawSpectrumProvider::registerSpecies Register [nu(Be7+munu)]
RawSpectrumProvider::registerSpecies Register [nu(pp+munu)]
RawSpectrumProvider::registerSpecies Register [Bi210]
RawSpectrumProvider::registerSpecies Register [nu(Be7)]
feq: 1.27865 feq_po: 1.19367
Inserting [default] to default feq: 1.27865 0
Inserting [Po210] to default feq: 1.19367 0
Dumping pre-created rates:
INFO: loading species from file species_list/species-fit-eneCNO-hm.icc
Inserting [Bi210] to [default]
Inserting [C11] to [default]
Inserting [Ext_Bi214] to [global]
Inserting [Ext_K40] to [global]
Inserting [Ext_Tl208] to [global]
Inserting [Kr85] to [default]
Inserting [Po210] to [default]
Inserting [nu(B8)] to [default]
Inserting [nu(Be7)] to [global]
Inserting [nu(CNO)] to [global]
Inserting [nu(pep)] to [global]
 [global] : (C10_qch, global.C10_qch) 
 [global] : (C11_qch, global.C11_qch) 
 [global] : (Ext_Bi214, global.Ext_Bi214) 
 [global] : (Ext_Bi214_qch, global.extly_qch) 
 [global] : (Ext_K40, global.Ext_K40) 
 [global] : (Ext_K40_qch, global.extly_qch) 
 [global] : (Ext_Tl208, global.Ext_Tl208) 
 [global] : (Ext_Tl208_qch, global.extly_qch) 
 [global] : (Po218_qch, global.Po218_qch) 
 [global] : (Rn222_qch, global.Rn222_qch) 
 [global] : (beta_resolution_0, global.beta_resolution_0) 
 [global] : (beta_resolution_1, global.beta_resolution_1) 
 [global] : (beta_resolution_2, global.beta_resolution_2) 
 [global] : (beta_resolution_3, global.beta_resolution_3) 
 [global] : (beta_resolution_4, global.beta_resolution_4) 
 [global] : (beta_resolution_5, global.beta_resolution_5) 
 [global] : (extly_qch, global.extly_qch) 
 [global] : (nu(Be7), global.nu(Be7)) 
 [global] : (nu(CNO), global.nu(CNO)) 
 [global] : (nu(pep), global.nu(pep)) 
default>-- [default] : (Bi210, default.Bi210) 
default>-- [default] : (C11, default.C11) 
default>-- [default] : (Kr85, default.Kr85) 
default>-- [default] : (Po210, default.Po210) 
default>-- [default] : (Po210_qch, default.Po210_qch) 
default>-- [default] : (alpha_resolution_0, default.alpha_resolution_0) 
default>-- [default] : (alpha_resolution_1, default.alpha_resolution_1) 
default>-- [default] : (alpha_resolution_2, default.alpha_resolution_2) 
default>-- [default] : (alpha_resolution_3, default.alpha_resolution_3) 
default>-- [default] : (alpha_resolution_4, default.alpha_resolution_4) 
default>-- [default] : (alpha_resolution_5, default.alpha_resolution_5) 
default>-- [default] : (beta_ly, default.beta_ly) 
default>-- [default] : (mlp_correction_0, default.mlp_correction_0) 
default>-- [default] : (mlp_correction_1, default.mlp_correction_1) 
default>-- [default] : (mlp_correction_2, default.mlp_correction_2) 
default>-- [default] : (mlp_correction_3, default.mlp_correction_3) 
default>-- [default] : (nu(B8), default.nu(B8)) 
InputManager::registerDataset(default.Major)
Inserting period full [default.Major]
If you would like to fit enhanced spectrum only, change the code here
Livetime: 1258.47 days
computing mass from input_files/PeriodPhase2_FVpep_TFCMI_c19.root
Mass: 71.3 tons
Inserting [default.Major] exposure : [89728.8 (day x tons)]
Inserting type [remaining_pb214] name [default] value [0.0200354]
Remaining Pb214 [default] : 0.0200354 cpd/100 tons
WARNING: the spectrum of [Major] had not Sumw2 set. Setting it now.
Inserting [default.Major] data set
INFO: loading species from file species_list/species-fit-eneCNO-hm.icc
Loading [Bi210] from [pdfs_new/MCspectra_FVpep_Period_Phase2_unmasked.root/bi210_nhits]
bad programing style, const_cast!!
creating MC species [Bi210] in [default]
Warning: quenching [Bi210_qch] not found in [default].
[Bi210] loaded for [default]
Inserting species (Bi210)[Bi210] to [default.Major] 
Inserting species (Bi210)[Bi210] to [default.TFCtagged] 
Loading [C11] from [pdfs_new/MCspectra_FVpep_Period_Phase2_unmasked.root/c11_nhits]
bad programing style, const_cast!!
creating MC species [C11] in [default]
bad programming! const_cast used!
Inserting [MCscaleC11] to [default]
Inserting [MCshiftC11] to [default]
[C11] loaded for [default]
Inserting species (C11)[C11] to [default.Major] 
Inserting species (C11)[C11] to [default.TFCtagged] 
Loading [Ext_Bi214] from [pdfs_new/MCspectra_FVpep_Period_Phase2_unmasked.root/ext_bi214_nhits]
bad programing style, const_cast!!
creating MC species [Ext_Bi214] in [default]
[Ext_Bi214] loaded for [default]
Inserting species (Ext_Bi214)[Ext_Bi214] to [default.Major] 
Inserting species (Ext_Bi214)[Ext_Bi214] to [default.TFCtagged] 
Loading [Ext_K40] from [pdfs_new/MCspectra_FVpep_Period_Phase2_unmasked.root/ext_k40_nhits]
bad programing style, const_cast!!
creating MC species [Ext_K40] in [default]
[Ext_K40] loaded for [default]
Inserting species (Ext_K40)[Ext_K40] to [default.Major] 
Inserting species (Ext_K40)[Ext_K40] to [default.TFCtagged] 
Loading [Ext_Tl208] from [pdfs_new/MCspectra_FVpep_Period_Phase2_unmasked.root/ext_tl208_nhits]
bad programing style, const_cast!!
creating MC species [Ext_Tl208] in [default]
[Ext_Tl208] loaded for [default]
Inserting species (Ext_Tl208)[Ext_Tl208] to [default.Major] 
Inserting species (Ext_Tl208)[Ext_Tl208] to [default.TFCtagged] 
Loading [Kr85] from [pdfs_new/MCspectra_FVpep_Period_Phase2_unmasked.root/kr85_nhits]
bad programing style, const_cast!!
creating MC species [Kr85] in [default]
Warning: quenching [Kr85_qch] not found in [default].
[Kr85] loaded for [default]
Inserting species (Kr85)[Kr85] to [default.Major] 
Inserting species (Kr85)[Kr85] to [default.TFCtagged] 
Loading [Po210] from [pdfs_new/MCspectra_FVpep_Period_Phase2_unmasked.root/po210_nhits]
bad programing style, const_cast!!
creating MC species [Po210] in [default]
bad programming! const_cast used!
Inserting [MCscalePo210] to [default]
Inserting [MCshiftPo210] to [default]
[Po210] loaded for [default]
Inserting species (Po210)[Po210] to [default.Major] 
Inserting species (Po210)[Po210] to [default.TFCtagged] 
Loading [nu(B8)] from [pdfs_new/MCspectra_FVpep_Period_Phase2_unmasked.root/b8_nhits]
bad programing style, const_cast!!
creating MC species [nu(B8)] in [default]
Warning: quenching [nu(B8)_qch] not found in [default].
[nu(B8)] loaded for [default]
Inserting species (nu(B8))[nu(B8)] to [default.Major] 
Inserting species (nu(B8))[nu(B8)] to [default.TFCtagged] 
Loading [nu(Be7)] from [pdfs_new/MCspectra_FVpep_Period_Phase2_unmasked.root/be7_nhits]
bad programing style, const_cast!!
creating MC species [nu(Be7)] in [default]
Warning: quenching [nu(Be7)_qch] not found in [default].
[nu(Be7)] loaded for [default]
Inserting species (nu(Be7))[nu(Be7)] to [default.Major] 
Inserting species (nu(Be7))[nu(Be7)] to [default.TFCtagged] 
Loading [nu(CNO)] from [pdfs_new/MCspectra_FVpep_Period_Phase2_unmasked.root/cno_nhits]
bad programing style, const_cast!!
creating MC species [nu(CNO)] in [default]
Warning: quenching [nu(CNO)_qch] not found in [default].
[nu(CNO)] loaded for [default]
Inserting species (nu(CNO))[nu(CNO)] to [default.Major] 
Inserting species (nu(CNO))[nu(CNO)] to [default.TFCtagged] 
Loading [nu(pep)] from [pdfs_new/MCspectra_FVpep_Period_Phase2_unmasked.root/pep_nhits]
bad programing style, const_cast!!
creating MC species [nu(pep)] in [default]
Warning: quenching [nu(pep)_qch] not found in [default].
[nu(pep)] loaded for [default]
Inserting species (nu(pep))[nu(pep)] to [default.Major] 
Inserting species (nu(pep))[nu(pep)] to [default.TFCtagged] 
Inserting [default.Major] species vector
searching for [Bi210_sys]..
searching for [C11_sys]..
searching for [Ext_Bi214_sys]..
searching for [Ext_K40_sys]..
searching for [Ext_Tl208_sys]..
searching for [Kr85_sys]..
searching for [Po210_sys]..
searching for [nu(B8)_sys]..
searching for [nu(Be7)_sys]..
searching for [nu(CNO)_sys]..
searching for [nu(pep)_sys]..
setting quenching of [Po210] to [0.07879]
Pb214 not implemented in bx-GooStats, it's ignored
setting quenching of [C11] to [0.8828]
INFO: 210Po PMTs used: 2000,0
RawSpectrumProvider::registerSpecies Register [default.Major]
type: [default.Major][0][1]
You have chosen SeparateSumPdfFactory<DnType<NoDn> MLPType<no> MaskType<Mask> DnAfterMask <no>>
SumPdf::registerFunc register [Bi210] as [0]
SumPdf::registerFunc register [C11] as [1]
SumPdf::registerFunc register [Ext_Bi214] as [2]
SumPdf::registerFunc register [Ext_K40] as [3]
SumPdf::registerFunc register [Ext_Tl208] as [4]
SumPdf::registerFunc register [Kr85] as [5]
SumPdf::registerFunc register [Po210] as [6]
SumPdf::registerFunc register [nu(B8)] as [7]
SumPdf::registerFunc register [nu(Be7)] as [8]
SumPdf::registerFunc register [nu(CNO)] as [9]
SumPdf::registerFunc register [nu(pep)] as [10]
SumPdf::registerFunc register [Bi210] as [11]
SumPdf::registerFunc register [C11] as [12]
SumPdf::registerFunc register [Ext_Bi214] as [13]
SumPdf::registerFunc register [Ext_K40] as [14]
SumPdf::registerFunc register [Ext_Tl208] as [15]
SumPdf::registerFunc register [Kr85] as [16]
SumPdf::registerFunc register [Po210] as [17]
SumPdf::registerFunc register [nu(B8)] as [18]
SumPdf::registerFunc register [nu(Be7)] as [19]
SumPdf::registerFunc register [nu(CNO)] as [20]
SumPdf::registerFunc register [nu(pep)] as [21]
Inserting [default.Major] sum pdf
Inserting (Datasets:default.Major)<default.Major>
Debug: LL size 1
 PARAMETER DEFINITIONS:
    NO.   NAME         VALUE      STEP SIZE      LIMITS
     1 default.Bi210   2.00000e+01  1.00000e+00    0.00000e+00  1.00000e+02
     2 default.C11   2.80000e+01  1.00000e+00    0.00000e+00  1.00000e+02
     3 global.Ext_Bi214   5.00000e-01  1.00000e-01    0.00000e+00  1.00000e+01
     4 global.Ext_K40   1.50000e-01  1.00000e-01    0.00000e+00  1.00000e+01
 **********
 **    1 **FIX           4
 **********
 PARAMETER DEFINITIONS:
    NO.   NAME         VALUE      STEP SIZE      LIMITS
     5 global.Ext_Tl208   1.90000e+00  1.00000e-01    0.00000e+00  1.00000e+01
     6 default.Kr85   5.00000e+00  3.00000e-01    0.00000e+00  3.00000e+01
     7 default.Po210   3.00000e+02  2.99999e+01    1.00000e-02  3.00000e+03
     8 default.nu(B8)   4.60000e-01  1.00000e-01    0.00000e+00  1.00000e+01
 **********
 **    2 **FIX           8
 **********
 PARAMETER DEFINITIONS:
    NO.   NAME         VALUE      STEP SIZE      LIMITS
     9 global.nu(Be7)   4.85000e+01  5.00000e-01    2.00000e+01  7.00000e+01
    10 global.nu(CNO)   4.92000e+00  constant
 **********
 **    3 **FIX          10
 **********
 PARAMETER   10  IS CONSTANT.   IGNORED.
 PARAMETER DEFINITIONS:
    NO.   NAME         VALUE      STEP SIZE      LIMITS
    11 global.nu(pep)   2.20000e+00  1.00000e-01    0.00000e+00  1.00000e+01
    12 default.MCscaleC11   1.00000e+00  constant
    13 default.MCshiftC11   0.00000e+00  1.00000e-03   -5.00000e+01  5.00000e+01
    14 default.MCscalePo210   1.00000e+00  constant
    15 default.MCshiftPo210   0.00000e+00  1.00000e-03   -5.00000e+01  5.00000e+01
 **********
 **    4 **SET ERRDEF         0.5
 **********
 PARAMETER DEFINITIONS:
    NO.   NAME         VALUE      STEP SIZE      LIMITS
     1 default.Bi210   2.00000e+01  1.00000e+00    0.00000e+00  1.00000e+02
     2 default.C11   2.80000e+01  1.00000e+00    0.00000e+00  1.00000e+02
     3 global.Ext_Bi214   5.00000e-01  1.00000e-01    0.00000e+00  1.00000e+01
     4 global.Ext_K40   1.50000e-01  1.00000e-01    0.00000e+00  1.00000e+01
 **********
 **    1 **FIX           4
 **********
 PARAMETER DEFINITIONS:
    NO.   NAME         VALUE      STEP SIZE      LIMITS
     5 global.Ext_Tl208   1.90000e+00  1.00000e-01    0.00000e+00  1.00000e+01
     6 default.Kr85   5.00000e+00  3.00000e-01    0.00000e+00  3.00000e+01
     7 default.Po210   3.00000e+02  2.99999e+01    1.00000e-02  3.00000e+03
     8 default.nu(B8)   4.60000e-01  1.00000e-01    0.00000e+00  1.00000e+01
 **********
 **    2 **FIX           8
 **********
 PARAMETER DEFINITIONS:
    NO.   NAME         VALUE      STEP SIZE      LIMITS
     9 global.nu(Be7)   4.85000e+01  5.00000e-01    2.00000e+01  7.00000e+01
    10 global.nu(CNO)   4.92000e+00  constant
 **********
 **    3 **FIX          10
 **********
 PARAMETER   10  IS CONSTANT.   IGNORED.
 PARAMETER DEFINITIONS:
    NO.   NAME         VALUE      STEP SIZE      LIMITS
    11 global.nu(pep)   2.20000e+00  1.00000e-01    0.00000e+00  1.00000e+01
    12 default.MCscaleC11   1.00000e+00  constant
    13 default.MCshiftC11   0.00000e+00  1.00000e-03   -5.00000e+01  5.00000e+01
    14 default.MCscalePo210   1.00000e+00  constant
    15 default.MCshiftPo210   0.00000e+00  1.00000e-03   -5.00000e+01  5.00000e+01
 **********
 **    4 **SET ERRDEF         0.5
 **********
 **********
 **    5 **MINIMIZE       2e+04
 **********
 FIRST CALL TO USER FUNCTION AT NEW START POINT, WITH IFLAG=4.
 START MIGRAD MINIMIZATION.  STRATEGY  1.  CONVERGENCE WHEN EDM .LT. 5.00e-05
 FCN=4438.07 FROM MIGRAD    STATUS=INITIATE       67 CALLS          68 TOTAL
                     EDM= unknown      STRATEGY= 1      NO ERROR MATRIX       
  EXT PARAMETER               CURRENT GUESS       STEP         FIRST   
  NO.   NAME      VALUE            ERROR          SIZE      DERIVATIVE 
   1  default.Bi210   2.00000e+01   1.00000e+00   0.00000e+00   7.93965e+02
   2  default.C11   2.80000e+01   1.00000e+00   0.00000e+00   1.61304e+03
   3  global.Ext_Bi214   7.24005e+00   1.00000e-01   1.58431e+00  -2.82919e+00
   4  global.Ext_K40   1.50000e-01     fixed    
   5  global.Ext_Tl208   1.90000e+00   1.00000e-01   0.00000e+00  -5.31369e+02
   6  default.Kr85   5.00000e+00   3.00000e-01   0.00000e+00   2.43967e+02
   7  default.Po210   3.00000e+02   2.99999e+01   0.00000e+00   7.84012e+04
   8  default.nu(B8)   4.60000e-01     fixed    
   9  global.nu(Be7)   4.85000e+01   5.00000e-01   0.00000e+00   4.98069e+02
  10  global.nu(CNO)   4.92000e+00   constant   
  11  global.nu(pep)   2.20000e+00   1.00000e-01   0.00000e+00   1.69211e+02
  12  default.MCscaleC11   1.00000e+00   constant   
  13  default.MCshiftC11   0.00000e+00   1.00000e-03   0.00000e+00  -1.08944e+03
  14  default.MCscalePo210   1.00000e+00   constant   
  15  default.MCshiftPo210   0.00000e+00   1.00000e-03   0.00000e+00  -9.89139e+03
                               ERR DEF= 0.5
 MIGRAD MINIMIZATION HAS CONVERGED.
 MIGRAD WILL VERIFY CONVERGENCE AND ERROR MATRIX.
 COVARIANCE MATRIX CALCULATED SUCCESSFULLY
 FCN=2771.18 FROM MIGRAD    STATUS=CONVERGED     562 CALLS         563 TOTAL
                     EDM=5.1705e-07    STRATEGY= 1      ERROR MATRIX ACCURATE 
  EXT PARAMETER                                   STEP         FIRST   
  NO.   NAME      VALUE            ERROR          SIZE      DERIVATIVE 
   1  default.Bi210   2.53495e+01   2.71292e+00   5.19790e-04   3.47999e-02
   2  default.C11   2.74987e+01   2.86245e-01   1.48931e-04  -7.13606e-02
   3  global.Ext_Bi214   2.57318e+00   3.67780e-01   2.08760e-03  -2.24957e-03
   4  global.Ext_K40   1.50000e-01     fixed    
   5  global.Ext_Tl208   4.08466e+00   1.54094e-01   8.21749e-04   3.09857e-03
   6  default.Kr85   5.01155e+00   2.02413e+00   3.14855e-03   1.40463e-03
   7  default.Po210   2.67824e+02   6.47317e-01   2.43177e-05  -1.88384e-01
   8  default.nu(B8)   4.60000e-01     fixed    
   9  global.nu(Be7)   4.66448e+01   1.42365e+00   8.56690e-04   1.46403e-02
  10  global.nu(CNO)   4.92000e+00   constant   
  11  global.nu(pep)   1.12702e+00   9.36940e-01   3.05201e-03   4.71986e-03
  12  default.MCscaleC11   1.00000e+00   constant   
  13  default.MCshiftC11   7.36353e+00   5.10463e-01   2.79310e-04  -2.38569e-02
  14  default.MCscalePo210   1.00000e+00   constant   
  15  default.MCshiftPo210   2.43992e-01   3.53164e-02   2.48406e-05  -3.60833e-02
                               ERR DEF= 0.5
 EXTERNAL ERROR MATRIX.    NDIM=  25    NPAR= 10    ERR DEF=0.5
  7.369e+00  5.148e-01 -4.021e-02  1.210e-02 -2.161e+00 -4.804e-03 -2.360e+00 -2.387e+00 -6.906e-01  7.576e-03 
  5.148e-01  8.194e-02 -2.170e-02  5.028e-03 -1.776e-01  1.005e-03 -1.228e-01 -2.009e-01 -6.538e-02  4.088e-04 
 -4.021e-02 -2.170e-02  1.356e-01 -3.906e-02  9.754e-03  2.192e-04  1.922e-02  2.700e-03 -3.049e-02 -5.361e-05 
  1.210e-02  5.028e-03 -3.906e-02  2.375e-02 -3.415e-03 -4.167e-05 -4.792e-03 -1.982e-03  4.890e-03  1.404e-05 
 -2.161e+00 -1.776e-01  9.754e-03 -3.415e-03  4.143e+00 -4.788e-01 -9.893e-01  7.991e-01  2.585e-01  1.369e-02 
 -4.804e-03  1.005e-03  2.192e-04 -4.167e-05 -4.788e-01  4.190e-01  1.272e-01 -3.511e-03 -2.415e-03 -2.243e-03 
 -2.360e+00 -1.228e-01  1.922e-02 -4.792e-03 -9.893e-01  1.272e-01  2.029e+00  6.060e-01  1.307e-01 -1.022e-02 
 -2.387e+00 -2.009e-01  2.700e-03 -1.982e-03  7.991e-01 -3.511e-03  6.060e-01  9.048e-01  3.003e-01 -2.003e-03 
 -6.906e-01 -6.538e-02 -3.049e-02  4.890e-03  2.585e-01 -2.415e-03  1.307e-01  3.003e-01  2.606e-01 -4.550e-04 
  7.576e-03  4.088e-04 -5.361e-05  1.404e-05  1.369e-02 -2.243e-03 -1.022e-02 -2.003e-03 -4.550e-04  1.247e-03 
 PARAMETER  CORRELATION COEFFICIENTS  
       NO.  GLOBAL      1      2      3      5      6      7      9     11     13     15
        1  0.97340   1.000  0.662 -0.040  0.029 -0.391 -0.003 -0.610 -0.924 -0.498  0.079
        2  0.76918   0.662  1.000 -0.206  0.114 -0.305  0.005 -0.301 -0.738 -0.447  0.040
        3  0.73160  -0.040 -0.206  1.000 -0.688  0.013  0.001  0.037  0.008 -0.162 -0.004
        5  0.69308   0.029  0.114 -0.688  1.000 -0.011 -0.000 -0.022 -0.014  0.062  0.003
        6  0.87934  -0.391 -0.305  0.013 -0.011  1.000 -0.363 -0.341  0.413  0.249  0.190
        7  0.46762  -0.003  0.005  0.001 -0.000 -0.363  1.000  0.138 -0.006 -0.007 -0.098
        9  0.91088  -0.610 -0.301  0.037 -0.022 -0.341  0.138  1.000  0.447  0.180 -0.203
       11  0.96019  -0.924 -0.738  0.008 -0.014  0.413 -0.006  0.447  1.000  0.618 -0.060
       13  0.66785  -0.498 -0.447 -0.162  0.062  0.249 -0.007  0.180  0.618  1.000 -0.025
       15  0.25335   0.079  0.040 -0.004  0.003  0.190 -0.098 -0.203 -0.060 -0.025  1.000
 **********
 **    6 **HESSE
 **********
 COVARIANCE MATRIX CALCULATED SUCCESSFULLY
 FCN=2771.18 FROM HESSE     STATUS=OK             86 CALLS         649 TOTAL
                     EDM=5.16631e-07    STRATEGY= 1      ERROR MATRIX ACCURATE 
  EXT PARAMETER                                INTERNAL      INTERNAL  
  NO.   NAME      VALUE            ERROR       STEP SIZE       VALUE   
   1  default.Bi210   2.53495e+01   2.67794e+00   1.03958e-04  -5.15546e-01
   2  default.C11   2.74987e+01   2.83723e-01   2.97863e-05  -4.66794e-01
   3  global.Ext_Bi214   2.57318e+00   3.68017e-01   8.35040e-05  -5.06780e-01
   4  global.Ext_K40   1.50000e-01     fixed    
   5  global.Ext_Tl208   4.08466e+00   1.54194e-01   3.28700e-05  -1.84106e-01
   6  default.Kr85   5.01155e+00   2.01130e+00   1.25942e-04  -7.28695e-01
   7  default.Po210   2.67824e+02   6.46881e-01   4.86354e-06  -9.63961e-01
   8  default.nu(B8)   4.60000e-01     fixed    
   9  global.nu(Be7)   4.66448e+01   1.42052e+00   1.71338e-04   6.58410e-02
  10  global.nu(CNO)   4.92000e+00   constant   
  11  global.nu(pep)   1.12702e+00   9.23621e-01   1.22080e-04  -8.86076e-01
  12  default.MCscaleC11   1.00000e+00   constant   
  13  default.MCshiftC11   7.36353e+00   5.07156e-01   5.58620e-05   1.47808e-01
  14  default.MCscalePo210   1.00000e+00   constant   
  15  default.MCshiftPo210   2.43992e-01   3.53094e-02   4.96813e-06   4.87986e-03
                               ERR DEF= 0.5
 EXTERNAL ERROR MATRIX.    NDIM=  25    NPAR= 10    ERR DEF=0.5
  7.180e+00  4.982e-01 -4.028e-02  1.202e-02 -2.076e+00 -7.937e-03 -2.326e+00 -2.316e+00 -6.652e-01  7.525e-03 
  4.982e-01  8.050e-02 -2.172e-02  5.027e-03 -1.704e-01  7.585e-04 -1.197e-01 -1.947e-01 -6.316e-02  4.031e-04 
 -4.028e-02 -2.172e-02  1.358e-01 -3.914e-02  9.622e-03  2.383e-04  1.933e-02  2.704e-03 -3.053e-02 -5.450e-05 
  1.202e-02  5.027e-03 -3.914e-02  2.378e-02 -3.331e-03 -4.923e-05 -4.808e-03 -1.945e-03  4.921e-03  1.427e-05 
 -2.076e+00 -1.704e-01  9.622e-03 -3.331e-03  4.090e+00 -4.745e-01 -9.975e-01  7.681e-01  2.477e-01  1.363e-02 
 -7.937e-03  7.585e-04  2.383e-04 -4.923e-05 -4.745e-01  4.185e-01  1.264e-01 -2.398e-03 -2.063e-03 -2.228e-03 
 -2.326e+00 -1.197e-01  1.933e-02 -4.808e-03 -9.975e-01  1.264e-01  2.020e+00  5.928e-01  1.257e-01 -1.017e-02 
 -2.316e+00 -1.947e-01  2.704e-03 -1.945e-03  7.681e-01 -2.398e-03  5.928e-01  8.785e-01  2.908e-01 -1.981e-03 
 -6.652e-01 -6.316e-02 -3.053e-02  4.921e-03  2.477e-01 -2.063e-03  1.257e-01  2.908e-01  2.572e-01 -4.450e-04 
  7.525e-03  4.031e-04 -5.450e-05  1.427e-05  1.363e-02 -2.228e-03 -1.017e-02 -1.981e-03 -4.450e-04  1.247e-03 
 PARAMETER  CORRELATION COEFFICIENTS  
       NO.  GLOBAL      1      2      3      5      6      7      9     11     13     15
        1  0.97269   1.000  0.655 -0.041  0.029 -0.383 -0.005 -0.611 -0.922 -0.489  0.080
        2  0.76443   0.655  1.000 -0.208  0.115 -0.297  0.004 -0.297 -0.732 -0.439  0.040
        3  0.73201  -0.041 -0.208  1.000 -0.689  0.013  0.001  0.037  0.008 -0.163 -0.004
        5  0.69357   0.029  0.115 -0.689  1.000 -0.011 -0.000 -0.022 -0.013  0.063  0.003
        6  0.87767  -0.383 -0.297  0.013 -0.011  1.000 -0.363 -0.347  0.405  0.242  0.191
        7  0.46649  -0.005  0.004  0.001 -0.000 -0.363  1.000  0.137 -0.004 -0.006 -0.098
        9  0.91046  -0.611 -0.297  0.037 -0.022 -0.347  0.137  1.000  0.445  0.174 -0.203
       11  0.95897  -0.922 -0.732  0.008 -0.013  0.405 -0.004  0.445  1.000  0.612 -0.060
       13  0.66240  -0.489 -0.439 -0.163  0.063  0.242 -0.006  0.174  0.612  1.000 -0.025
       15  0.25262   0.080  0.040 -0.004  0.003  0.191 -0.098 -0.203 -0.060 -0.025  1.000
Wallclock time  : 0.279929 seconds.
CPU time: 2.8e-05
Total CPU time: 2.8e-05
Processor time: 2.4e-05

FIT PARAMETERS
 ^{210}Bi = 25.3 #pm 2.7 
 ^{11}C = 27.50 #pm 0.28 
 Ext ^{214}Bi = 2.57 #pm 0.37 
 Ext ^{40}K = 0.15  [Fixed]
 Ext ^{208}Tl = 4.08 #pm 0.15 
 ^{85}Kr = 5.0 #pm 2.0 
 ^{210}Po = 267.82 #pm 0.65 
 #nu(^{8}B) = 0.46  [Fixed]
 #nu(^{7}Be) = 46.6 #pm 1.4 
 #nu(CNO) = 4.92  [Fixed]
 #nu(pep) = 1.13 #pm 0.92 
 ^{11}MCscaleC = 1  [Fixed]
 ^{11}MCshiftC = 7.36 #pm 0.51 
 ^{210}MCscalePo = 1  [Fixed]
 ^{210}MCshiftPo = 0.244 #pm 0.035 

 chi^2                             = 968.3
 chi^2/N-DOF                       = 1.2119
 p-value                           = 0.000
 Minimized -2Ln(Likelihood)        = 5542.37
 Likelihood p-value                = 0.070 ± 0.026
SimplePlotManager::groupByName <default.Major> appedned to <default>
