[GPUManager]() registered
regV registering [npe] as [0x2992180]
regV registering [npe_short] as [0x29922b0]
regV registering [Po218:peak] as [6002]
regV registering [Rn222:peak] as [5490]
regV registering [Po210:peak] as [5305]
Loaded path: </p/project/cjikp20/jikp2013/bx-GooStats-dingxf_dev/bx-GooStats/data>
RawSpectrumProvider::registerSpecies Register [nu(pep)]
RawSpectrumProvider::registerSpecies Register [nu(Be7)_sunT]
RawSpectrumProvider::registerSpecies Register [nu(Be7)_nosunT]
RawSpectrumProvider::registerSpecies Register [nu(CNO)]
RawSpectrumProvider::registerSpecies Register [nu(pp)_oleg]
RawSpectrumProvider::registerSpecies Register [nu(pp)_aldo]
RawSpectrumProvider::registerSpecies Register [nu(pp)]
RawSpectrumProvider::registerSpecies Register [nu(B8)]
RawSpectrumProvider::registerSpecies Register [C14_universal]
Warning: c14_shape_factor is taken as 1.24
RawSpectrumProvider::registerSpecies Register [C14]
RawSpectrumProvider::registerSpecies Register [C11]
RawSpectrumProvider::registerSpecies Register [C10]
RawSpectrumProvider::registerSpecies Register [Kr85]
RawSpectrumProvider::registerSpecies Register [B12]
RawSpectrumProvider::registerSpecies Register [He6]
RawSpectrumProvider::registerSpecies Register [Pa234m]
RawSpectrumProvider::registerSpecies Register [K40]
RawSpectrumProvider::registerSpecies Register [La138]
RawSpectrumProvider::registerSpecies Register [Bi210_mach4]
RawSpectrumProvider::registerSpecies Register [Bi210_oleg]
RawSpectrumProvider::registerSpecies Register [Bi210_aldo]
RawSpectrumProvider::registerSpecies Register [Bi210_daniel]
RawSpectrumProvider::registerSpecies Register [Bi210_flothmann]
RawSpectrumProvider::registerSpecies Register [Bi210_grau]
RawSpectrumProvider::registerSpecies Register [Pb214_KM]
RawSpectrumProvider::registerSpecies Register [Pb214_aldo_1]
RawSpectrumProvider::registerSpecies Register [Pb214_aldo_2]
RawSpectrumProvider::registerSpecies Register [Pb214_aldo_3]
RawSpectrumProvider::registerSpecies Register [Pb214_aldo_4]
RawSpectrumProvider::registerSpecies Register [Pb214_aldo_5]
RawSpectrumProvider::registerSpecies Register [Pb214_aldo_6]
RawSpectrumProvider::registerSpecies Register [Pb214_aldo_7]
RawSpectrumProvider::registerSpecies Register [Ext_Tl208]
RawSpectrumProvider::registerSpecies Register [Ext_Bi214]
RawSpectrumProvider::registerSpecies Register [Ext_K40]
RawSpectrumProvider::registerSpecies Register [U238_chain]
RawSpectrumProvider::registerSpecies Register [Th232_chain]
RawSpectrumProvider::registerSpecies Register [C14_pileup]
[InputManager]() registered
[PrepareData]() registered
[SimpleFit]() registered
[CNOTest]() registered
[HMLMTest]() registered
[ScanPar]() registered
[CorrelationManager]() registered
[ContourManager]() registered
[OutputManager]() registered
Checking GPU [0]/[1]
Running on [Tesla K80] with compute capability of 3.7
Warning: BatchOutputManager not set, default are used.
LOG: Getting data from file input_files/PeriodPhase3_FVpep_TFCMI_c19.root
Searching final_nhits_pp in pp
LOG: fitting histogram final_nhits_pp
WARNING: chain_counts_cum not TH1D, trying other TH1
WARNING: No chain_counts_cum in input directory, trying in the main directory of the file
chain_counts_cum: mean 23.0749
[default] adopt [global] as its parent.
Inserting period [default,input_files/PeriodPhase3_FVpep_TFCMI_c19.root,pp/final_nhits_pp,fitoptions/fitoptions_ene-Phase3-pdfs_new-nhits-emin140_C11-shift.cfg,species_list/species-fit-eneCNO-hm.icc]
ARG[1] <icc> = [species_list/species-fit-eneCNO-hm.icc]
InputManager::registerConfigset(default)
Loading from <fitoptions/fitoptions_ene-Phase3-pdfs_new-nhits-emin140_C11-shift.cfg>
h_n_used_pmts: mean 1260.22
h_n_used_pmts_weighted: mean 1264.82
option <n_used_charge_histo_name> not set, default value [h_n_used_charge] used
h_n_used_charge: mean 1256.15
option <n_used_charge_po210_histo_name> not set, default value [h_n_used_charge_weighted] used
h_n_used_charge_weighted: mean 1260.75
feq_inv: mean 1.59049
Mask [mask_2] from [h_n_used_pmts] Mean <999.503> RMS <576.892>
Mask [mask_3] from [h_n_used_pmts_weighted] Mean <999.503> RMS <576.893>
*********Dump options parsed*********************************
MC_ext_bkg => <true>
alpha_response_function => <scaled_poisson>
alpha_subtracted => <false>
apply_radiochemical_constraints => <false>
applying_mask => <true>
beta_response_function => <scaled_poisson>
bi210_spectrum => <aldo>
c11_quenching_fixed => <false>
c11_subtracted => <false>
complementary_histo_fit => <false>
complementary_histo_name => <pp/final_nhits_pp_1>
convolve_dark_noise => <false>
dark_noise_window => <win1>
fit_results_output => <fit_results.root>
fit_variable => <nhits>
fit_variable_MC => <nhits>
freeMCshiftC11 => <true>
geometric_correction_on => <false>
icc => <species_list/species-fit-eneCNO-hm.icc>
ly_fixed => <false>
meantime_cut => <no>
minimization_method => <likelihood>
minimization_routine => <minuit>
montecarlo_interpolation => <off>
montecarlo_spectra_file => <pdfs_new/MCspectra_FVpep_Period_Phase3_unmasked.root>
multivariate_ps_fit => <false>
multivariate_rdist_fit => <false>
n_used_pmts_histo_name => <h_n_used_pmts>
n_used_pmts_po210_histo_name => <h_n_used_pmts_weighted>
n_used_pmts_po210_tfc0_histo_name => <h_n_used_pmts_weighted0>
n_used_pmts_po210_tfc1_histo_name => <h_n_used_pmts_weighted1>
n_used_pmts_tfc0_histo_name => <h_n_used_pmts0>
n_used_pmts_tfc1_histo_name => <h_n_used_pmts1>
neutrino_magnetic_moment => <no>
no_lead_cut => <no>
norm_variable => <true>
npe_offset_fixed => <true>
pb214_spectrum => <aldo>
pileup_eff_ly_fixed => <true>
plot_filename => <plot.root>
po210_quenching_fixed => <false>
quenching_parameterization => <echidna>
save_fit_results => <false>
scale_poisson => <true>
show_only_c14_c14 => <false>
spectra_pdfs => <montecarlo>
synthpup_file => <P91011_Synthetic_Spectra.root>
synthpup_hist => <h_synth_spec_5_dt1>
use_alpha_response_function => <false>
use_remaining_pb214 => <false>
weighted_response => <false>
alpha_resolution_0_guess => float: [1.2]
alpha_resolution_0_max => float: [20]
alpha_resolution_0_min => float: [0]
alpha_resolution_1_guess => float: [0]
alpha_resolution_1_max => float: [0]
alpha_resolution_1_min => float: [0]
alpha_resolution_2_guess => float: [0]
alpha_resolution_2_max => float: [0]
alpha_resolution_2_min => float: [0]
beta_resolution_0_guess => float: [3]
beta_resolution_0_max => float: [20]
beta_resolution_0_min => float: [0]
beta_resolution_1_guess => float: [3]
beta_resolution_1_max => float: [20]
beta_resolution_1_min => float: [0]
beta_resolution_2_guess => float: [7]
beta_resolution_2_max => float: [7]
beta_resolution_2_min => float: [7]
beta_resolution_3_guess => float: [2]
beta_resolution_3_max => float: [10]
beta_resolution_3_min => float: [0]
beta_resolution_4_guess => float: [0]
beta_resolution_4_max => float: [0]
beta_resolution_4_min => float: [0]
beta_resolution_5_guess => float: [0]
beta_resolution_5_max => float: [0]
beta_resolution_5_min => float: [0]
c11_quenching => float: [0.8828]
c14_shape_factor => float: [1.24]
c14_threshold => float: [100]
dark_noise_threshold => float: [100]
ext_bckgd_eff_ly => float: [1.0228]
fCher => float: [2]
fit_verbosity => float: [0]
geometric_correction => float: [0.112]
histogram_binwidth => float: [1]
kb => float: [0.0109]
ly_guess => float: [0.49]
maximum_energy => float: [950]
meantime_cut_correction_c1 => float: [0.974]
meantime_cut_correction_c2 => float: [-0.00211]
minimum_energy => float: [140]
multivariate_ps_fit_bins => float: [1]
multivariate_ps_fit_max => float: [650]
multivariate_ps_fit_min => float: [400]
multivariate_ps_fit_smooth => float: [0]
multivariate_rdist_fit_bins => float: [16]
multivariate_rdist_fit_max => float: [900]
multivariate_rdist_fit_min => float: [500]
multivariate_rdist_fit_smooth => float: [0]
npe_offset => float: [0]
number_of_bins_for_weighted_response => float: [10]
pileup_eff_ly => float: [0.935]
po210_quenching => float: [0.07879]
poisson_factor => float: [15]
poisson_threshold => float: [100]
ser_under_threshold => float: [0.12]
sys_errors_scale => float: [0]
unequalization_factor => float: [1]
*************************************************************
Inserting Constant name [compute_likelihood_p_value] value [0]
regV registering [compute_likelihood_p_value] as [0]
Inserting [C11_qch] to [global]
Inserting [Po210_qch] to [default]
Inserting [extly_qch] to [global]
Linking [Ext_Tl208_qch] with [extly_qch] in [global]
Linking [Ext_Bi214_qch] with [extly_qch] in [global]
Linking [Ext_K40_qch] with [extly_qch] in [global]
Inserting [Po218_qch] to [global]
Inserting [Rn222_qch] to [global]
Inserting [C10_qch] to [global]
Bad programming style of using const_cast!!!
regV registering [NL] as [0x7ffd32971f60]
Inserting [beta_ly] to [default]
810
Inserting [beta_resolution_0] to [global]
Inserting [beta_resolution_1] to [global]
Inserting [beta_resolution_2] to [global]
Inserting [beta_resolution_3] to [global]
Inserting [beta_resolution_4] to [global]
Inserting [beta_resolution_5] to [global]
Inserting [alpha_resolution_0] to [default]
Inserting [alpha_resolution_1] to [default]
Inserting [alpha_resolution_2] to [default]
Inserting [alpha_resolution_3] to [default]
Inserting [alpha_resolution_4] to [default]
Inserting [alpha_resolution_5] to [default]
Inserting [mlp_correction_0] to [default]
Inserting [mlp_correction_1] to [default]
Inserting [mlp_correction_2] to [default]
Inserting [mlp_correction_3] to [default]
Integral: 11.6405, sum = 1.17605e+06, endpoint = 671.809
Integral: 76.3209, sum = 1.81556e+07, endpoint = 264.064
RawSpectrumProvider::registerSpecies Register [nu(Be7+munu)]
RawSpectrumProvider::registerSpecies Register [nu(pp+munu)]
RawSpectrumProvider::registerSpecies Register [Bi210]
RawSpectrumProvider::registerSpecies Register [nu(Be7)]
feq: 1.58703 feq_po: 1.58125
Inserting [default] to default feq: 1.58703 0
Inserting [Po210] to default feq: 1.58125 0
Dumping pre-created rates:
INFO: loading species from file species_list/species-fit-eneCNO-hm.icc
Inserting [Bi210] to [default]
Inserting [C11] to [default]
Inserting [Ext_Bi214] to [global]
Inserting [Ext_K40] to [global]
Inserting [Ext_Tl208] to [global]
Inserting [Kr85] to [default]
Inserting [Po210] to [default]
Inserting [nu(B8)] to [default]
Inserting [nu(Be7)] to [global]
Inserting [nu(CNO)] to [global]
Inserting [nu(pep)] to [global]
 [global] : (C10_qch, global.C10_qch) 
 [global] : (C11_qch, global.C11_qch) 
 [global] : (Ext_Bi214, global.Ext_Bi214) 
 [global] : (Ext_Bi214_qch, global.extly_qch) 
 [global] : (Ext_K40, global.Ext_K40) 
 [global] : (Ext_K40_qch, global.extly_qch) 
 [global] : (Ext_Tl208, global.Ext_Tl208) 
 [global] : (Ext_Tl208_qch, global.extly_qch) 
 [global] : (Po218_qch, global.Po218_qch) 
 [global] : (Rn222_qch, global.Rn222_qch) 
 [global] : (beta_resolution_0, global.beta_resolution_0) 
 [global] : (beta_resolution_1, global.beta_resolution_1) 
 [global] : (beta_resolution_2, global.beta_resolution_2) 
 [global] : (beta_resolution_3, global.beta_resolution_3) 
 [global] : (beta_resolution_4, global.beta_resolution_4) 
 [global] : (beta_resolution_5, global.beta_resolution_5) 
 [global] : (extly_qch, global.extly_qch) 
 [global] : (nu(Be7), global.nu(Be7)) 
 [global] : (nu(CNO), global.nu(CNO)) 
 [global] : (nu(pep), global.nu(pep)) 
default>-- [default] : (Bi210, default.Bi210) 
default>-- [default] : (C11, default.C11) 
default>-- [default] : (Kr85, default.Kr85) 
default>-- [default] : (Po210, default.Po210) 
default>-- [default] : (Po210_qch, default.Po210_qch) 
default>-- [default] : (alpha_resolution_0, default.alpha_resolution_0) 
default>-- [default] : (alpha_resolution_1, default.alpha_resolution_1) 
default>-- [default] : (alpha_resolution_2, default.alpha_resolution_2) 
default>-- [default] : (alpha_resolution_3, default.alpha_resolution_3) 
default>-- [default] : (alpha_resolution_4, default.alpha_resolution_4) 
default>-- [default] : (alpha_resolution_5, default.alpha_resolution_5) 
default>-- [default] : (beta_ly, default.beta_ly) 
default>-- [default] : (mlp_correction_0, default.mlp_correction_0) 
default>-- [default] : (mlp_correction_1, default.mlp_correction_1) 
default>-- [default] : (mlp_correction_2, default.mlp_correction_2) 
default>-- [default] : (mlp_correction_3, default.mlp_correction_3) 
default>-- [default] : (nu(B8), default.nu(B8)) 
InputManager::registerDataset(default.Major)
Inserting period full [default.Major]
If you would like to fit enhanced spectrum only, change the code here
Livetime: 905.536 days
computing mass from input_files/PeriodPhase3_FVpep_TFCMI_c19.root
Mass: 71.3 tons
Inserting [default.Major] exposure : [64564.7 (day x tons)]
Inserting type [remaining_pb214] name [default] value [0.00348052]
Remaining Pb214 [default] : 0.00348052 cpd/100 tons
WARNING: the spectrum of [Major] had not Sumw2 set. Setting it now.
Inserting [default.Major] data set
INFO: loading species from file species_list/species-fit-eneCNO-hm.icc
Loading [Bi210] from [pdfs_new/MCspectra_FVpep_Period_Phase3_unmasked.root/bi210_nhits]
bad programing style, const_cast!!
creating MC species [Bi210] in [default]
Warning: quenching [Bi210_qch] not found in [default].
[Bi210] loaded for [default]
Inserting species (Bi210)[Bi210] to [default.Major] 
Inserting species (Bi210)[Bi210] to [default.TFCtagged] 
Loading [C11] from [pdfs_new/MCspectra_FVpep_Period_Phase3_unmasked.root/c11_nhits]
bad programing style, const_cast!!
creating MC species [C11] in [default]
bad programming! const_cast used!
Inserting [MCscaleC11] to [default]
Inserting [MCshiftC11] to [default]
[C11] loaded for [default]
Inserting species (C11)[C11] to [default.Major] 
Inserting species (C11)[C11] to [default.TFCtagged] 
Loading [Ext_Bi214] from [pdfs_new/MCspectra_FVpep_Period_Phase3_unmasked.root/ext_bi214_nhits]
bad programing style, const_cast!!
creating MC species [Ext_Bi214] in [default]
[Ext_Bi214] loaded for [default]
Inserting species (Ext_Bi214)[Ext_Bi214] to [default.Major] 
Inserting species (Ext_Bi214)[Ext_Bi214] to [default.TFCtagged] 
Loading [Ext_K40] from [pdfs_new/MCspectra_FVpep_Period_Phase3_unmasked.root/ext_k40_nhits]
bad programing style, const_cast!!
creating MC species [Ext_K40] in [default]
[Ext_K40] loaded for [default]
Inserting species (Ext_K40)[Ext_K40] to [default.Major] 
Inserting species (Ext_K40)[Ext_K40] to [default.TFCtagged] 
Loading [Ext_Tl208] from [pdfs_new/MCspectra_FVpep_Period_Phase3_unmasked.root/ext_tl208_nhits]
bad programing style, const_cast!!
creating MC species [Ext_Tl208] in [default]
[Ext_Tl208] loaded for [default]
Inserting species (Ext_Tl208)[Ext_Tl208] to [default.Major] 
Inserting species (Ext_Tl208)[Ext_Tl208] to [default.TFCtagged] 
Loading [Kr85] from [pdfs_new/MCspectra_FVpep_Period_Phase3_unmasked.root/kr85_nhits]
bad programing style, const_cast!!
creating MC species [Kr85] in [default]
Warning: quenching [Kr85_qch] not found in [default].
[Kr85] loaded for [default]
Inserting species (Kr85)[Kr85] to [default.Major] 
Inserting species (Kr85)[Kr85] to [default.TFCtagged] 
Loading [Po210] from [pdfs_new/MCspectra_FVpep_Period_Phase3_unmasked.root/po210_nhits]
bad programing style, const_cast!!
creating MC species [Po210] in [default]
[Po210] loaded for [default]
Inserting species (Po210)[Po210] to [default.Major] 
Inserting species (Po210)[Po210] to [default.TFCtagged] 
Loading [nu(B8)] from [pdfs_new/MCspectra_FVpep_Period_Phase3_unmasked.root/b8_nhits]
bad programing style, const_cast!!
creating MC species [nu(B8)] in [default]
Warning: quenching [nu(B8)_qch] not found in [default].
[nu(B8)] loaded for [default]
Inserting species (nu(B8))[nu(B8)] to [default.Major] 
Inserting species (nu(B8))[nu(B8)] to [default.TFCtagged] 
Loading [nu(Be7)] from [pdfs_new/MCspectra_FVpep_Period_Phase3_unmasked.root/be7_nhits]
bad programing style, const_cast!!
creating MC species [nu(Be7)] in [default]
Warning: quenching [nu(Be7)_qch] not found in [default].
[nu(Be7)] loaded for [default]
Inserting species (nu(Be7))[nu(Be7)] to [default.Major] 
Inserting species (nu(Be7))[nu(Be7)] to [default.TFCtagged] 
Loading [nu(CNO)] from [pdfs_new/MCspectra_FVpep_Period_Phase3_unmasked.root/cno_nhits]
bad programing style, const_cast!!
creating MC species [nu(CNO)] in [default]
Warning: quenching [nu(CNO)_qch] not found in [default].
[nu(CNO)] loaded for [default]
Inserting species (nu(CNO))[nu(CNO)] to [default.Major] 
Inserting species (nu(CNO))[nu(CNO)] to [default.TFCtagged] 
Loading [nu(pep)] from [pdfs_new/MCspectra_FVpep_Period_Phase3_unmasked.root/pep_nhits]
bad programing style, const_cast!!
creating MC species [nu(pep)] in [default]
Warning: quenching [nu(pep)_qch] not found in [default].
[nu(pep)] loaded for [default]
Inserting species (nu(pep))[nu(pep)] to [default.Major] 
Inserting species (nu(pep))[nu(pep)] to [default.TFCtagged] 
Inserting [default.Major] species vector
searching for [Bi210_sys]..
searching for [C11_sys]..
searching for [Ext_Bi214_sys]..
searching for [Ext_K40_sys]..
searching for [Ext_Tl208_sys]..
searching for [Kr85_sys]..
searching for [Po210_sys]..
searching for [nu(B8)_sys]..
searching for [nu(Be7)_sys]..
searching for [nu(CNO)_sys]..
searching for [nu(pep)_sys]..
setting quenching of [Po210] to [0.07879]
Pb214 not implemented in bx-GooStats, it's ignored
setting quenching of [C11] to [0.8828]
INFO: 210Po PMTs used: 2000,0
RawSpectrumProvider::registerSpecies Register [default.Major]
type: [default.Major][0][1]
You have chosen SeparateSumPdfFactory<DnType<NoDn> MLPType<no> MaskType<Mask> DnAfterMask <no>>
SumPdf::registerFunc register [Bi210] as [0]
SumPdf::registerFunc register [C11] as [1]
SumPdf::registerFunc register [Ext_Bi214] as [2]
SumPdf::registerFunc register [Ext_K40] as [3]
SumPdf::registerFunc register [Ext_Tl208] as [4]
SumPdf::registerFunc register [Kr85] as [5]
SumPdf::registerFunc register [Po210] as [6]
SumPdf::registerFunc register [nu(B8)] as [7]
SumPdf::registerFunc register [nu(Be7)] as [8]
SumPdf::registerFunc register [nu(CNO)] as [9]
SumPdf::registerFunc register [nu(pep)] as [10]
SumPdf::registerFunc register [Bi210] as [11]
SumPdf::registerFunc register [C11] as [12]
SumPdf::registerFunc register [Ext_Bi214] as [13]
SumPdf::registerFunc register [Ext_K40] as [14]
SumPdf::registerFunc register [Ext_Tl208] as [15]
SumPdf::registerFunc register [Kr85] as [16]
SumPdf::registerFunc register [Po210] as [17]
SumPdf::registerFunc register [nu(B8)] as [18]
SumPdf::registerFunc register [nu(Be7)] as [19]
SumPdf::registerFunc register [nu(CNO)] as [20]
SumPdf::registerFunc register [nu(pep)] as [21]
Inserting [default.Major] sum pdf
Inserting (Datasets:default.Major)<default.Major>
Debug: LL size 1
 PARAMETER DEFINITIONS:
    NO.   NAME         VALUE      STEP SIZE      LIMITS
     1 default.Bi210   2.00000e+01  1.00000e+00    0.00000e+00  1.00000e+02
     2 default.C11   2.80000e+01  1.00000e+00    0.00000e+00  1.00000e+02
     3 global.Ext_Bi214   5.00000e-01  1.00000e-01    0.00000e+00  1.00000e+01
     4 global.Ext_K40   1.50000e-01  1.00000e-01    0.00000e+00  1.00000e+01
 **********
 **    1 **FIX           4
 **********
 PARAMETER DEFINITIONS:
    NO.   NAME         VALUE      STEP SIZE      LIMITS
     5 global.Ext_Tl208   1.90000e+00  1.00000e-01    0.00000e+00  1.00000e+01
     6 default.Kr85   5.00000e+00  3.00000e-01    0.00000e+00  3.00000e+01
     7 default.Po210   3.00000e+02  2.99999e+01    1.00000e-02  3.00000e+03
     8 default.nu(B8)   4.60000e-01  1.00000e-01    0.00000e+00  1.00000e+01
 **********
 **    2 **FIX           8
 **********
 PARAMETER DEFINITIONS:
    NO.   NAME         VALUE      STEP SIZE      LIMITS
     9 global.nu(Be7)   4.85000e+01  5.00000e-01    2.00000e+01  7.00000e+01
    10 global.nu(CNO)   4.92000e+00  constant
 **********
 **    3 **FIX          10
 **********
 PARAMETER   10  IS CONSTANT.   IGNORED.
 PARAMETER DEFINITIONS:
    NO.   NAME         VALUE      STEP SIZE      LIMITS
    11 global.nu(pep)   2.20000e+00  1.00000e-01    0.00000e+00  1.00000e+01
    12 default.MCscaleC11   1.00000e+00  constant
    13 default.MCshiftC11   0.00000e+00  1.00000e-03   -5.00000e+01  5.00000e+01
 **********
 **    4 **SET ERRDEF         0.5
 **********
 PARAMETER DEFINITIONS:
    NO.   NAME         VALUE      STEP SIZE      LIMITS
     1 default.Bi210   2.00000e+01  1.00000e+00    0.00000e+00  1.00000e+02
     2 default.C11   2.80000e+01  1.00000e+00    0.00000e+00  1.00000e+02
     3 global.Ext_Bi214   5.00000e-01  1.00000e-01    0.00000e+00  1.00000e+01
     4 global.Ext_K40   1.50000e-01  1.00000e-01    0.00000e+00  1.00000e+01
 **********
 **    1 **FIX           4
 **********
 PARAMETER DEFINITIONS:
    NO.   NAME         VALUE      STEP SIZE      LIMITS
     5 global.Ext_Tl208   1.90000e+00  1.00000e-01    0.00000e+00  1.00000e+01
     6 default.Kr85   5.00000e+00  3.00000e-01    0.00000e+00  3.00000e+01
     7 default.Po210   3.00000e+02  2.99999e+01    1.00000e-02  3.00000e+03
     8 default.nu(B8)   4.60000e-01  1.00000e-01    0.00000e+00  1.00000e+01
 **********
 **    2 **FIX           8
 **********
 PARAMETER DEFINITIONS:
    NO.   NAME         VALUE      STEP SIZE      LIMITS
     9 global.nu(Be7)   4.85000e+01  5.00000e-01    2.00000e+01  7.00000e+01
    10 global.nu(CNO)   4.92000e+00  constant
 **********
 **    3 **FIX          10
 **********
 PARAMETER   10  IS CONSTANT.   IGNORED.
 PARAMETER DEFINITIONS:
    NO.   NAME         VALUE      STEP SIZE      LIMITS
    11 global.nu(pep)   2.20000e+00  1.00000e-01    0.00000e+00  1.00000e+01
    12 default.MCscaleC11   1.00000e+00  constant
    13 default.MCshiftC11   0.00000e+00  1.00000e-03   -5.00000e+01  5.00000e+01
 **********
 **    4 **SET ERRDEF         0.5
 **********
 **********
 **    5 **MINIMIZE       2e+04
 **********
 FIRST CALL TO USER FUNCTION AT NEW START POINT, WITH IFLAG=4.
 START MIGRAD MINIMIZATION.  STRATEGY  1.  CONVERGENCE WHEN EDM .LT. 5.00e-05
 FCN=82921.7 FROM MIGRAD    STATUS=INITIATE       61 CALLS          62 TOTAL
                     EDM= unknown      STRATEGY= 1      NO ERROR MATRIX       
  EXT PARAMETER               CURRENT GUESS       STEP         FIRST   
  NO.   NAME      VALUE            ERROR          SIZE      DERIVATIVE 
   1  default.Bi210   2.00000e+01   1.00000e+00   0.00000e+00   5.12109e+03
   2  default.C11   2.80000e+01   1.00000e+00   0.00000e+00   9.53453e+02
   3  global.Ext_Bi214   9.99276e+00   1.00000e-01   2.63673e+00  -6.27219e+00
   4  global.Ext_K40   1.50000e-01     fixed    
   5  global.Ext_Tl208   1.90000e+00   1.00000e-01   0.00000e+00  -6.36916e+02
   6  default.Kr85   5.00000e+00   3.00000e-01   0.00000e+00   1.58865e+03
   7  default.Po210   3.00000e+02   2.99999e+01   0.00000e+00   3.94256e+05
   8  default.nu(B8)   4.60000e-01     fixed    
   9  global.nu(Be7)   4.85000e+01   5.00000e-01   0.00000e+00   3.77278e+03
  10  global.nu(CNO)   4.92000e+00   constant   
  11  global.nu(pep)   2.20000e+00   1.00000e-01   0.00000e+00   5.05847e+02
  12  default.MCscaleC11   1.00000e+00   constant   
  13  default.MCshiftC11   0.00000e+00   1.00000e-03   0.00000e+00  -8.50512e+02
                               ERR DEF= 0.5
 MIGRAD MINIMIZATION HAS CONVERGED.
 MIGRAD WILL VERIFY CONVERGENCE AND ERROR MATRIX.
 COVARIANCE MATRIX CALCULATED SUCCESSFULLY
 FCN=2624.71 FROM MIGRAD    STATUS=CONVERGED     918 CALLS         919 TOTAL
                     EDM=3.17188e-06    STRATEGY= 1      ERROR MATRIX ACCURATE 
  EXT PARAMETER                                   STEP         FIRST   
  NO.   NAME      VALUE            ERROR          SIZE      DERIVATIVE 
   1  default.Bi210   1.99725e+01   1.24385e+00   5.80021e-04   8.35667e-03
   2  default.C11   2.76467e+01   2.34727e-01   1.71505e-04  -5.88694e-02
   3  global.Ext_Bi214   6.39058e+00   7.59701e-01   3.65306e-03  -3.45044e-03
   4  global.Ext_K40   1.50000e-01     fixed    
   5  global.Ext_Tl208   5.82185e+00   2.72672e-01   1.35267e-03  -7.34659e-03
   6  default.Kr85   1.13159e+01   2.03778e+00   2.13843e-03   1.73179e-03
   7  default.Po210   5.07342e+01   5.05418e-01   3.24098e-05   4.37638e-01
   8  default.nu(B8)   4.60000e-01     fixed    
   9  global.nu(Be7)   4.32457e+01   1.46449e+00   8.52332e-04   6.34461e-03
  10  global.nu(CNO)   4.92000e+00   constant   
  11  global.nu(pep)   3.07547e-06   1.35742e+00   2.57788e-02   1.95515e-03
  12  default.MCscaleC11   1.00000e+00   constant   
  13  default.MCshiftC11   2.84481e+00   3.60688e-01   2.45301e-04   4.56871e-03
                               ERR DEF= 0.5
 EXTERNAL ERROR MATRIX.    NDIM=  25    NPAR=  9    ERR DEF=0.5
  1.548e+00 -2.554e-02 -8.337e-02  1.726e-02  6.894e-02 -1.789e-02 -1.121e+00 -5.952e-04  9.976e-02 
 -2.554e-02  5.510e-02 -6.245e-02  1.245e-02  1.545e-03  3.848e-04  2.205e-02 -5.157e-05  2.110e-03 
 -8.337e-02 -6.245e-02  5.820e-01 -1.496e-01 -2.438e-02  2.253e-04  3.627e-02  1.788e-05 -4.821e-02 
  1.726e-02  1.245e-02 -1.496e-01  7.443e-02  5.326e-03  1.319e-06 -7.417e-03 -3.531e-06  8.463e-03 
  6.894e-02  1.545e-03 -2.438e-02  5.326e-03  4.180e+00  6.247e-01  1.854e+00 -2.053e-04  7.253e-03 
 -1.789e-02  3.848e-04  2.253e-04  1.319e-06  6.247e-01  2.554e-01  1.684e-01 -1.894e-06 -1.008e-03 
 -1.121e+00  2.205e-02  3.627e-02 -7.417e-03  1.854e+00  1.684e-01  2.147e+00  1.531e-04 -7.006e-02 
 -5.952e-04 -5.157e-05  1.788e-05 -3.531e-06 -2.053e-04 -1.894e-06  1.531e-04  1.751e-05  3.529e-05 
  9.976e-02  2.110e-03 -4.821e-02  8.463e-03  7.253e-03 -1.008e-03 -7.006e-02  3.529e-05  1.301e-01 
 PARAMETER  CORRELATION COEFFICIENTS  
       NO.  GLOBAL      1      2      3      5      6      7      9     11     13
        1  0.84995   1.000 -0.087 -0.088  0.051  0.027 -0.028 -0.615 -0.114  0.222
        2  0.38331  -0.087  1.000 -0.349  0.194  0.003  0.003  0.064 -0.052  0.025
        3  0.75991  -0.088 -0.349  1.000 -0.719 -0.016  0.001  0.032  0.006 -0.175
        5  0.72269   0.051  0.194 -0.719  1.000  0.010  0.000 -0.019 -0.003  0.086
        6  0.90290   0.027  0.003 -0.016  0.010  1.000  0.605  0.619 -0.024  0.010
        7  0.71315  -0.028  0.003  0.001  0.000  0.605  1.000  0.227 -0.001 -0.006
        9  0.91209  -0.615  0.064  0.032 -0.019  0.619  0.227  1.000  0.025 -0.133
       11  0.16131  -0.114 -0.052  0.006 -0.003 -0.024 -0.001  0.025  1.000  0.023
       13  0.28158   0.222  0.025 -0.175  0.086  0.010 -0.006 -0.133  0.023  1.000
 **********
 **    6 **HESSE
 **********
 COVARIANCE MATRIX CALCULATED SUCCESSFULLY
 FCN=2624.71 FROM HESSE     STATUS=OK             73 CALLS         992 TOTAL
                     EDM=3.18728e-06    STRATEGY= 1      ERROR MATRIX ACCURATE 
  EXT PARAMETER                                INTERNAL      INTERNAL  
  NO.   NAME      VALUE            ERROR       STEP SIZE       VALUE   
   1  default.Bi210   1.99725e+01   1.23675e+00   1.16004e-04  -6.44189e-01
   2  default.C11   2.76467e+01   2.34509e-01   3.43011e-05  -4.63483e-01
   3  global.Ext_Bi214   6.39058e+00   7.61428e-01   1.46122e-04   2.81832e-01
   4  global.Ext_K40   1.50000e-01     fixed    
   5  global.Ext_Tl208   5.82185e+00   2.73262e-01   2.70534e-04   1.65119e-01
   6  default.Kr85   1.13159e+01   2.03881e+00   8.55372e-05  -2.89345e+00
   7  default.Po210   5.07342e+01   5.05599e-01   6.48195e-06  -1.31000e+00
   8  default.nu(B8)   4.60000e-01     fixed    
   9  global.nu(Be7)   4.32457e+01   1.46551e+00   1.70466e-04  -1.26366e+01
  10  global.nu(CNO)   4.92000e+00   constant   
  11  global.nu(pep)   3.07547e-06   1.35586e+00   5.15576e-03  -1.56969e+00
  12  default.MCscaleC11   1.00000e+00   constant   
  13  default.MCshiftC11   2.84481e+00   3.60640e-01   4.90601e-05   5.69269e-02
                               ERR DEF= 0.5
 EXTERNAL ERROR MATRIX.    NDIM=  25    NPAR=  9    ERR DEF=0.5
  1.530e+00 -2.715e-02 -8.329e-02  1.731e-02  6.038e-02 -1.814e-02 -1.119e+00 -1.567e-04  1.010e-01 
 -2.715e-02  5.499e-02 -6.273e-02  1.256e-02  1.039e-03  3.835e-04  2.249e-02 -1.357e-05  2.242e-03 
 -8.329e-02 -6.273e-02  5.847e-01 -1.506e-01 -2.423e-02  2.333e-04  3.639e-02  4.738e-06 -4.854e-02 
  1.731e-02  1.256e-02 -1.506e-01  7.475e-02  5.316e-03 -4.748e-07 -7.471e-03 -9.395e-07  8.564e-03 
  6.038e-02  1.039e-03 -2.423e-02  5.316e-03  4.184e+00  6.258e-01  1.860e+00 -5.394e-05  7.519e-03 
 -1.814e-02  3.835e-04  2.333e-04 -4.748e-07  6.258e-01  2.556e-01  1.691e-01 -4.971e-07 -1.016e-03 
 -1.119e+00  2.249e-02  3.639e-02 -7.471e-03  1.860e+00  1.691e-01  2.150e+00  4.041e-05 -7.049e-02 
 -1.567e-04 -1.357e-05  4.738e-06 -9.395e-07 -5.394e-05 -4.971e-07  4.041e-05  1.749e-05  9.270e-06 
  1.010e-01  2.242e-03 -4.854e-02  8.564e-03  7.519e-03 -1.016e-03 -7.049e-02  9.270e-06  1.301e-01 
 PARAMETER  CORRELATION COEFFICIENTS  
       NO.  GLOBAL      1      2      3      5      6      7      9     11     13
        1  0.84806   1.000 -0.094 -0.088  0.051  0.024 -0.029 -0.617 -0.030  0.226
        2  0.38123  -0.094  1.000 -0.350  0.196  0.002  0.003  0.065 -0.014  0.027
        3  0.76118  -0.088 -0.350  1.000 -0.720 -0.015  0.001  0.032  0.001 -0.176
        5  0.72412   0.051  0.196 -0.720  1.000  0.010 -0.000 -0.019 -0.001  0.087
        6  0.90301   0.024  0.002 -0.015  0.010  1.000  0.605  0.620 -0.006  0.010
        7  0.71340  -0.029  0.003  0.001 -0.000  0.605  1.000  0.228 -0.000 -0.006
        9  0.91222  -0.617  0.065  0.032 -0.019  0.620  0.228  1.000  0.007 -0.133
       11  0.04300  -0.030 -0.014  0.001 -0.001 -0.006 -0.000  0.007  1.000  0.006
       13  0.28115   0.226  0.027 -0.176  0.087  0.010 -0.006 -0.133  0.006  1.000
Wallclock time  : 0.334143 seconds.
CPU time: 3.3e-05
Total CPU time: 3.3e-05
Processor time: 2.8e-05

FIT PARAMETERS
 ^{210}Bi = 20.0 #pm 1.2 
 ^{11}C = 27.65 #pm 0.23 
 Ext ^{214}Bi = 6.39 #pm 0.76 
 Ext ^{40}K = 0.15  [Fixed]
 Ext ^{208}Tl = 5.82 #pm 0.27 
 ^{85}Kr = 11.3 #pm 2.0 
 ^{210}Po = 50.73 #pm 0.51 
 #nu(^{8}B) = 0.46  [Fixed]
 #nu(^{7}Be) = 43.2 #pm 1.5 
 #nu(CNO) = 4.92  [Fixed]
 #nu(pep) = 0.00  [Railed]
 ^{11}MCscaleC = 1  [Fixed]
 ^{11}MCshiftC = 2.84 #pm 0.36 

 chi^2                             = 1035.3
 chi^2/N-DOF                       = 1.2957
 p-value                           = 0.000
 Minimized -2Ln(Likelihood)        = 5249.41
 Likelihood p-value                = 0.000 ± 0.000
SimplePlotManager::groupByName <default.Major> appedned to <default>
